# 2000 3000 4000 5000 6000 7000 8000 9000 10000 11000 12000 13000 14000 15000 16000 17000 18000 19000 20000 21000 22000 23000 24000 25000
50 1577 2311 3014 3690 4348 4992 5627 6253 6874 7487 8106 8709 9314 9925 10526 11129 11731 12327 12927 13524 14121 14716 15302 15905
75 1485 2169 2821 3450 4061 4662 5254 5841 6421 7000 7577 8154 8722 9295 9871 10439 11010 11573 12151 12716 13284 13862 14414 14984
100 1405 2046 2657 3244 3816 4377 4931 5481 6027 6571 7115 7657 8202 8739 9282 9825 10366 10907 11457 11994 12541 13081 13634 14169
125 1335 1940 2514 3066 3603 4130 4650 5167 5682 6195 6706 7220 7733 8249 8760 9275 9791 10307 10825 11343 11862 12381 12904 13419
150 1273 1846 2389 2910 3416 3913 4404 4891 5377 5863 6346 6832 7317 7805 8295 8782 9274 9762 10261 10753 11250 11748 12246 12745
175 1217 1762 2278 2772 3251 3721 4186 4647 5107 5566 6025 6485 6946 7409 7874 8341 8807 9277 9747 10221 10695 11167 11647 12128
200 1167 1687 2179 2649 3105 3551 3992 4429 4865 5301 5738 6174 6612 7053 7494 7939 8387 8833 9281 9735 10190 10648 11103 11563
225 1121 1620 2090 2539 2973 3399 3818 4234 4649 5063 5478 5896 6312 6730 7153 7576 8003 8432 8861 9292 9728 10162 10605 11045
250 1079 1558 2009 2439 2855 3261 3661 4058 4453 4848 5244 5641 6039 6439 6840 7247 7653 8063 8476 8890 9305 9725 10145 10570
275 1041 1502 1935 2348 2747 3136 3519 3899 4277 4654 5032 5411 5792 6174 6558 6943 7335 7726 8122 8520 8919 9320 9721 10132
300 1005 1450 1868 2265 2649 3023 3390 3753 4116 4477 4837 5201 5565 5933 6300 6670 7044 7419 7797 8179 8563 8949 9337 9726
325 972 1402 1806 2189 2559 2919 3272 3621 3968 4315 4661 5009 5358 5709 6062 6418 6775 7136 7499 7864 8234 8606 8983 9355
350 942 1358 1748 2119 2476 2823 3163 3499 3833 4166 4499 4832 5168 5505 5845 6185 6529 6874 7224 7576 7929 8288 8648 9012
375 913 1317 1695 2054 2399 2734 3063 3387 3708 4029 4349 4670 4992 5316 5643 5972 6301 6634 6969 7308 7649 7992 8340 8689
400 887 1278 1645 1993 2328 2652 2970 3283 3593 3902 4211 4520 4829 5142 5456 5772 6090 6411 6734 7058 7389 7720 8052 8391
425 862 1242 1599 1937 2262 2576 2884 3186 3486 3785 4083 4381 4680 4981 5283 5588 5895 6203 6515 6828 7144 7465 7787 8111
450 838 1208 1555 1884 2200 2505 2803 3097 3387 3675 3963 4252 4540 4830 5122 5416 5712 6011 6311 6614 6919 7225 7539 7852
475 816 1177 1514 1835 2141 2438 2728 3013 3294 3573 3852 4131 4410 4690 4971 5256 5542 5831 6120 6413 6708 7006 7307 7610
500 795 1147 1476 1788 2087 2376 2657 2934 3207 3478 3748 4018 4289 4560 4832 5107 5383 5662 5943 6225 6511 6799 7089 7383
