# 2000 3000 4000 5000 6000 7000 8000 9000 10000 11000 12000 13000 14000 15000 16000 17000 18000 19000 20000 21000 22000 23000 24000 25000
50 2043 3065 4064 5033 5971 6881 7769 8636 9486 10316 11146 11949 12746 13545 14327 15105 15876 16637 17398 18151 18899 19643 20372 21119
75 1918 2864 3789 4688 5562 6415 7248 8066 8867 9657 10437 11211 11966 12721 13476 14214 14951 15674 16413 17131 17849 18575 19267 19977
100 1809 2693 3555 4394 5212 6012 6794 7566 8324 9072 9812 10545 11274 11989 12704 13415 14119 14819 15525 16213 16909 17592 18288 18960
125 1715 2544 3352 4139 4907 5660 6399 7127 7846 8555 9256 9955 10647 11337 12015 12695 13371 14043 14713 15380 16044 16705 17369 18018
150 1631 2414 3174 3916 4640 5350 6050 6738 7420 8097 8764 9428 10087 10744 11399 12046 12693 13333 13983 14621 15260 15898 16533 17168
175 1556 2298 3018 3719 4404 5077 5740 6394 7042 7684 8321 8954 9584 10210 10836 11460 12078 12697 13313 13931 14545 15154 15769 16384
200 1489 2195 2878 3544 4195 4833 5463 6086 6701 7314 7923 8527 9128 9729 10326 10924 11521 12113 12703 13298 13890 14484 15071 15661
225 1428 2102 2753 3387 4007 4615 5214 5808 6396 6981 7562 8142 8716 9289 9864 10435 11008 11581 12149 12717 13289 13855 14428 14997
250 1372 2017 2640 3246 3837 4418 4991 5558 6120 6677 7234 7789 8340 8891 9439 9991 10539 11090 11640 12187 12735 13285 13833 14384
275 1322 1940 2538 3117 3684 4240 4788 5331 5869 6403 6936 7467 7998 8526 9054 9580 10111 10638 11168 11698 12226 12755 13279 13815
300 1275 1870 2444 3000 3544 4077 4603 5123 5639 6153 6663 7174 7683 8193 8699 9207 9716 10225 10732 11244 11755 12265 12777 13286
325 1232 1805 2358 2893 3416 3928 4434 4933 5429 5923 6414 6904 7394 7884 8372 8861 9350 9842 10333 10823 11318 11812 12310 12801
350 1191 1745 2278 2795 3298 3792 4278 4759 5236 5711 6184 6655 7127 7599 8071 8542 9014 9486 9961 10436 10910 11389 11868 12349
375 1154 1690 2205 2703 3189 3665 4135 4598 5058 5516 5972 6426 6881 7335 7790 8247 8701 9158 9614 10075 10534 10994 11458 11922
400 1119 1638 2136 2619 3089 3549 4002 4449 4893 5335 5775 6214 6652 7091 7531 7971 8410 8852 9294 9736 10183 10629 11075 11526
425 1087 1590 2073 2540 2995 3440 3878 4311 4740 5167 5593 6017 6440 6865 7289 7714 8141 8567 8995 9423 9852 10287 10720 11153
450 1056 1545 2013 2467 2908 3339 3764 4183 4598 5011 5423 5833 6243 6652 7064 7475 7887 8302 8715 9130 9547 9963 10386 10807
475 1027 1502 1958 2398 2826 3245 3656 4063 4465 4865 5264 5661 6058 6455 6851 7252 7651 8052 8452 8855 9259 9664 10073 10482
500 1000 1462 1905 2333 2749 3156 3556 3951 4341 4729 5116 5501 5886 6271 6655 7042 7429 7818 8208 8597 8989 9383 9777 10175
