# 2000 3000 4000 5000 6000 7000 8000 9000 10000 11000 12000 13000 14000 15000 16000 17000 18000 19000 20000 21000 22000 23000 24000 25000
50 1624 2387 3120 3826 4512 5183 5844 6495 7139 7775 8415 9039 9664 10294 10914 11535 12154 12768 13385 13998 14610 15221 15822 16440
75 1528 2239 2919 3575 4213 4839 5456 6066 6669 7270 7867 8465 9053 9644 10239 10824 11412 11992 12587 13168 13752 14345 14912 15496
100 1446 2111 2747 3360 3956 4542 5119 5692 6260 6825 7388 7950 8514 9070 9630 10191 10749 11307 11872 12425 12988 13543 14110 14660
125 1373 2001 2598 3174 3734 4284 4827 5366 5901 6434 6965 7497 8029 8563 9091 9623 10156 10688 11221 11755 12289 12823 13361 13890
150 1309 1903 2468 3011 3539 4058 4570 5077 5584 6089 6591 7095 7599 8104 8611 9115 9622 10126 10641 11148 11659 12172 12684 13198
175 1251 1816 2352 2867 3368 3858 4343 4823 5302 5780 6257 6735 7214 7693 8175 8659 9140 9625 10110 10599 11088 11574 12068 12563
200 1199 1738 2249 2739 3215 3680 4140 4597 5050 5505 5959 6412 6867 7325 7782 8243 8706 9167 9629 10098 10567 11039 11508 11981
225 1152 1668 2156 2624 3077 3521 3958 4393 4825 5257 5689 6123 6555 6990 7428 7866 8308 8752 9196 9641 10091 10539 10995 11449
250 1109 1604 2072 2520 2954 3378 3795 4210 4622 5033 5445 5858 6272 6688 7104 7525 7946 8371 8798 9225 9655 10088 10521 10959
275 1069 1546 1996 2426 2841 3247 3647 4043 4437 4830 5224 5619 6015 6412 6811 7211 7617 8022 8432 8843 9256 9670 10084 10508
300 1032 1492 1926 2339 2739 3129 3512 3891 4269 4646 5022 5400 5780 6162 6543 6927 7315 7704 8095 8491 8888 9287 9688 10089
325 998 1443 1861 2260 2645 3020 3389 3753 4116 4477 4838 5200 5564 5929 6296 6665 7036 7411 7787 8165 8548 8932 9321 9706
350 967 1397 1801 2187 2559 2920 3275 3626 3975 4322 4669 5016 5366 5717 6070 6424 6781 7139 7502 7866 8232 8603 8976 9352
375 938 1354 1746 2119 2479 2828 3171 3509 3844 4179 4513 4847 5183 5521 5860 6202 6544 6890 7237 7589 7942 8297 8657 9018
400 910 1314 1695 2056 2404 2743 3074 3400 3724 4047 4369 4691 5014 5339 5666 5995 6325 6658 6993 7330 7672 8015 8360 8709
425 884 1277 1646 1998 2335 2663 2984 3300 3613 3924 4235 4546 4857 5171 5486 5803 6122 6443 6766 7092 7419 7752 8085 8420
450 860 1242 1601 1943 2271 2589 2900 3206 3509 3810 4111 4411 4712 5014 5319 5624 5932 6243 6554 6869 7186 7503 7828 8153
475 837 1209 1559 1891 2210 2520 2821 3118 3412 3704 3995 4285 4577 4869 5161 5458 5756 6055 6357 6661 6967 7275 7588 7902
500 816 1178 1519 1843 2154 2454 2748 3036 3321 3604 3886 4168 4450 4733 5016 5303 5590 5880 6173 6466 6762 7061 7361 7666
