# 2000 3000 4000 5000 6000 7000 8000 9000 10000 11000 12000 13000 14000 15000 16000 17000 18000 19000 20000 21000 22000 23000 24000 25000
50 2089 3140 4169 5166 6131 7067 7980 8870 9742 10594 11445 12266 13082 13899 14698 15493 16281 17057 17833 18601 19364 20122 20864 21625
75 1961 2934 3885 4811 5711 6588 7445 8285 9107 9918 10717 11510 12284 13056 13828 14583 15336 16074 16829 17561 18293 19034 19738 20462
100 1850 2757 3644 4508 5350 6173 6979 7771 8550 9318 10077 10828 11575 12307 13039 13766 14486 15201 15922 16624 17334 18031 18741 19426
125 1752 2604 3435 4245 5036 5811 6572 7320 8059 8788 9507 10224 10933 11640 12334 13030 13721 14408 15092 15774 16452 17127 17803 18466
150 1667 2470 3252 4016 4761 5492 6212 6921 7622 8317 9002 9683 10359 11032 11703 12365 13028 13683 14347 14998 15651 16303 16951 17598
175 1590 2351 3091 3813 4519 5211 5894 6566 7233 7893 8547 9197 9843 10485 11126 11766 12399 13032 13662 14294 14921 15543 16171 16799
200 1521 2245 2948 3633 4303 4960 5609 6249 6883 7513 8138 8758 9375 9992 10604 11217 11828 12434 13038 13647 14252 14859 15458 16061
225 1459 2149 2819 3471 4109 4736 5353 5964 6569 7170 7767 8363 8953 9541 10131 10716 11303 11889 12472 13053 13637 14216 14802 15383
250 1402 2063 2703 3326 3935 4533 5122 5706 6285 6858 7431 8000 8567 9132 9695 10261 10822 11387 11950 12510 13071 13633 14193 14756
275 1350 1984 2597 3194 3777 4349 4914 5472 6026 6576 7124 7670 8216 8758 9300 9839 10384 10924 11467 12009 12550 13091 13628 14175
300 1302 1912 2501 3073 3633 4182 4723 5258 5790 6318 6843 7368 7892 8416 8935 9456 9979 10500 11020 11545 12068 12590 13113 13635
325 1257 1845 2412 2963 3501 4028 4549 5063 5574 6082 6587 7091 7595 8098 8600 9102 9604 10108 10611 11113 11620 12126 12636 13138
350 1216 1784 2331 2862 3380 3888 4389 4884 5375 5864 6350 6835 7321 7805 8290 8774 9258 9742 10230 10717 11202 11693 12183 12676
375 1178 1727 2255 2768 3268 3758 4241 4718 5191 5663 6132 6600 7068 7535 8002 8471 8937 9406 9874 10346 10818 11288 11764 12239
400 1142 1674 2185 2681 3164 3638 4104 4565 5022 5477 5930 6381 6832 7284 7735 8187 8639 9092 9546 9999 10458 10914 11371 11833
425 1109 1624 2120 2600 3068 3526 3977 4423 4865 5304 5742 6178 6614 7051 7487 7924 8362 8799 9239 9679 10118 10564 11008 11451
450 1078 1578 2059 2524 2978 3422 3859 4291 4718 5143 5567 5989 6411 6832 7255 7678 8102 8528 8951 9378 9805 10232 10666 11097
475 1048 1535 2002 2454 2894 3325 3748 4167 4582 4993 5404 5813 6221 6629 7037 7448 7859 8271 8682 9096 9510 9926 10345 10764
500 1021 1494 1948 2387 2815 3234 3645 4051 4454 4853 5251 5648 6044 6440 6835 7233 7631 8030 8431 8831 9233 9637 10041 10450
