# 2000 3000 4000 5000 6000 7000 8000 9000 10000 11000 12000 13000 14000 15000 16000 17000 18000 19000 20000 21000 22000 23000 24000 25000
50 2135 3215 4273 5298 6291 7254 8191 9104 9998 10871 11742 12582 13417 14252 15068 15880 16683 17475 18266 19049 19827 20599 21354 22129
75 2003 3003 3981 4934 5859 6761 7641 8504 9347 10178 10997 11809 12601 13391 14179 14950 15720 16473 17242 17989 18735 19490 20208 20944
100 1890 2821 3733 4622 5488 6334 7162 7976 8776 9563 10342 11111 11876 12624 13373 14116 14851 15582 16318 17034 17758 18469 19192 19890
125 1790 2664 3518 4351 5165 5962 6744 7513 8272 9019 9757 10492 11218 11942 12652 13363 14070 14772 15470 16166 16858 17546 18236 18911
150 1702 2526 3330 4116 4883 5634 6375 7103 7823 8536 9239 9938 10630 11320 12007 12684 13361 14031 14709 15374 16041 16706 17367 18027
175 1624 2404 3165 3907 4633 5345 6047 6739 7423 8101 8772 9439 10102 10760 11416 12071 12718 13366 14009 14655 15296 15930 16572 17212
200 1553 2295 3017 3722 4411 5087 5754 6413 7064 7711 8353 8989 9622 10254 10881 11509 12134 12754 13371 13994 14612 15232 15844 16459
225 1489 2197 2885 3555 4211 4856 5491 6120 6741 7359 7972 8584 9189 9792 10396 10996 11597 12197 12793 13387 13984 14575 15174 15767
250 1431 2109 2766 3406 4032 4647 5254 5854 6449 7038 7627 8212 8793 9373 9950 10530 11105 11682 12259 12832 13405 13980 14552 15127
275 1378 2028 2657 3270 3869 4458 5039 5614 6183 6749 7312 7873 8433 8989 9545 10097 10656 11208 11765 12320 12873 13426 13974 14534
300 1328 1954 2558 3146 3722 4286 4843 5393 5941 6484 7023 7563 8100 8638 9171 9705 10241 10775 11308 11844 12380 12914 13449 13981
325 1283 1885 2467 3033 3586 4128 4664 5193 5718 6240 6760 7278 7795 8312 8827 9342 9856 10373 10888 11403 11921 12439 12961 13474
350 1241 1822 2384 2929 3461 3984 4499 5008 5514 6017 6517 7015 7514 8011 8509 9005 9502 9999 10498 10996 11494 11996 12497 13002
375 1202 1764 2306 2832 3346 3850 4347 4838 5325 5810 6292 6773 7254 7733 8214 8695 9173 9654 10133 10617 11100 11582 12069 12555
400 1166 1710 2234 2743 3240 3726 4206 4681 5151 5619 6084 6548 7011 7476 7939 8404 8867 9332 9797 10261 10731 11199 11667 12140
425 1131 1659 2167 2660 3140 3612 4076 4534 4989 5441 5891 6340 6788 7236 7684 8133 8583 9031 9482 9933 10383 10840 11294 11749
450 1099 1611 2104 2582 3048 3505 3954 4398 4838 5275 5711 6146 6579 7012 7447 7881 8316 8753 9187 9625 10063 10500 10944 11386
475 1069 1567 2046 2510 2962 3405 3840 4271 4697 5121 5543 5964 6384 6803 7222 7645 8066 8489 8911 9335 9761 10186 10615 11045
500 1041 1525 1991 2442 2881 3311 3734 4152 4566 4977 5386 5794 6201 6608 7015 7424 7832 8242 8653 9064 9477 9890 10305 10723
