# 2000 3000 4000 5000 6000 7000 8000 9000 10000 11000 12000 13000 14000 15000 16000 17000 18000 19000 20000 21000 22000 23000 24000 25000
50 2182 3289 4377 5431 6451 7439 8401 9338 10254 11147 12038 12898 13751 14604 15437 16265 17084 17892 18698 19495 20287 21073 21842 22630
75 2046 3071 4077 5056 6007 6934 7837 8722 9587 10438 11276 12107 12916 13724 14529 15316 16101 16870 17654 18415 19176 19944 20675 21425
100 1930 2885 3822 4735 5626 6495 7345 8181 9001 9808 10605 11393 12175 12941 13705 14465 15215 15961 16711 17442 18180 18904 19641 20351
125 1828 2724 3601 4457 5294 6113 6916 7706 8484 9251 10007 10759 11502 12242 12969 13696 14417 15134 15847 16557 17262 17964 18667 19355
150 1738 2583 3408 4215 5003 5776 6537 7284 8024 8755 9476 10192 10901 11606 12309 13001 13694 14377 15070 15749 16429 17108 17781 18454
175 1657 2457 3238 4001 4747 5479 6200 6911 7613 8309 8997 9680 10360 11033 11705 12375 13036 13698 14356 15015 15669 16316 16970 17623
200 1585 2346 3087 3810 4518 5214 5899 6576 7244 7909 8567 9220 9868 10516 11158 11799 12440 13073 13704 14340 14971 15604 16228 16856
225 1520 2245 2951 3639 4314 4976 5629 6275 6913 7547 8177 8804 9424 10042 10661 11275 11890 12504 13112 13720 14330 14933 15545 16149
250 1460 2154 2828 3486 4129 4762 5385 6002 6613 7218 7822 8422 9019 9613 10204 10798 11386 11977 12567 13153 13738 14326 14910 15497
275 1405 2071 2717 3346 3962 4567 5164 5755 6340 6921 7499 8075 8649 9219 9789 10355 10927 11492 12062 12629 13194 13760 14320 14891
300 1355 1995 2615 3219 3810 4390 4963 5529 6091 6649 7203 7757 8308 8860 9406 9953 10502 11049 11594 12143 12691 13237 13783 14327
325 1309 1925 2522 3103 3671 4228 4778 5322 5863 6399 6932 7464 7995 8525 9053 9581 10108 10637 11165 11691 12222 12751 13284 13809
350 1266 1861 2436 2996 3543 4080 4609 5133 5653 6169 6683 7194 7706 8217 8728 9236 9745 10254 10765 11276 11785 12298 12811 13326
375 1226 1801 2357 2897 3424 3942 4453 4958 5458 5957 6452 6946 7439 7932 8424 8918 9408 9900 10392 10888 11381 11875 12373 12870
400 1189 1745 2283 2805 3315 3815 4308 4796 5279 5760 6238 6715 7190 7667 8143 8619 9094 9571 10047 10523 11004 11483 11961 12445
425 1154 1693 2214 2720 3213 3697 4174 4645 5113 5578 6040 6501 6961 7421 7881 8342 8803 9263 9725 10187 10648 11115 11581 12045
450 1121 1645 2150 2640 3118 3588 4049 4505 4958 5407 5855 6301 6747 7191 7637 8083 8529 8977 9423 9871 10319 10767 11222 11674
475 1090 1599 2090 2566 3030 3485 3932 4375 4813 5248 5683 6115 6546 6977 7407 7841 8273 8707 9140 9574 10010 10446 10886 11325
500 1061 1556 2033 2496 2947 3389 3823 4253 4678 5100 5521 5940 6359 6777 7194 7614 8033 8454 8875 9296 9719 10143 10567 10996
