# 2000 3000 4000 5000 6000 7000 8000 9000 10000 11000 12000 13000 14000 15000 16000 17000 18000 19000 20000 21000 22000 23000 24000 25000
50 2228 3364 4480 5563 6611 7624 8611 9570 10508 11423 12334 13212 14083 14954 15804 16648 17484 18306 19128 19940 20745 21545 22327 23129
75 2089 3140 4173 5178 6155 7106 8033 8939 9825 10697 11555 12404 13231 14055 14878 15681 16482 17265 18064 18839 19614 20397 21141 21903
100 1970 2949 3910 4849 5763 6656 7528 8385 9226 10052 10868 11674 12474 13256 14037 14812 15578 16338 17104 17848 18600 19337 20088 20811
125 1865 2784 3684 4563 5423 6264 7088 7898 8696 9481 10256 11025 11786 12542 13285 14027 14764 15495 16222 16946 17665 18380 19096 19797
150 1773 2639 3486 4315 5124 5918 6699 7466 8224 8974 9712 10445 11170 11892 12610 13318 14025 14723 15430 16122 16816 17508 18194 18879
175 1691 2510 3311 4094 4860 5612 6353 7082 7803 8516 9222 9921 10617 11306 11993 12678 13353 14030 14701 15373 16041 16701 17368 18033
200 1617 2396 3156 3899 4626 5340 6044 6739 7424 8106 8781 9450 10114 10776 11433 12090 12744 13391 14035 14684 15329 15974 16611 17251
225 1550 2293 3016 3723 4416 5096 5766 6429 7085 7735 8381 9024 9659 10292 10925 11553 12182 12809 13431 14051 14675 15290 15914 16531
250 1489 2200 2891 3565 4226 4876 5516 6150 6777 7398 8017 8632 9244 9852 10457 11065 11667 12271 12874 13473 14071 14670 15266 15865
275 1433 2115 2776 3422 4055 4676 5289 5896 6497 7093 7686 8276 8865 9449 10033 10612 11197 11776 12358 12938 13515 14092 14664 15247
300 1382 2037 2672 3292 3899 4494 5082 5663 6241 6813 7382 7950 8515 9081 9641 10201 10762 11322 11879 12441 13000 13558 14116 14672
325 1335 1965 2577 3172 3756 4328 4893 5452 6006 6557 7104 7650 8194 8738 9279 9820 10359 10901 11441 11979 12521 13062 13607 14142
350 1291 1899 2489 3062 3624 4175 4719 5257 5791 6321 6848 7373 7898 8422 8945 9466 9988 10508 11032 11554 12074 12599 13123 13650
375 1250 1838 2407 2961 3503 4034 4559 5077 5591 6103 6612 7118 7625 8130 8635 9141 9643 10147 10650 11157 11662 12166 12675 13183
400 1212 1781 2331 2867 3390 3904 4410 4911 5407 5901 6392 6882 7369 7859 8346 8834 9321 9809 10297 10784 11276 11766 12255 12749
425 1176 1728 2261 2779 3286 3783 4272 4756 5236 5714 6189 6662 7134 7606 8078 8550 9023 9494 9967 10440 10912 11390 11866 12341
450 1143 1678 2195 2698 3188 3670 4144 4613 5077 5538 5999 6457 6914 7370 7828 8285 8742 9201 9658 10116 10576 11034 11499 11962
475 1111 1631 2134 2621 3097 3565 4024 4479 4929 5376 5822 6265 6708 7150 7591 8036 8480 8924 9368 9813 10259 10705 11155 11604
500 1082 1588 2076 2550 3012 3466 3912 4353 4790 5224 5656 6086 6516 6945 7373 7804 8234 8665 9097 9528 9961 10395 10829 11267
