# 2000 3000 4000 5000 6000 7000 8000 9000 10000 11000 12000 13000 14000 15000 16000 17000 18000 19000 20000 21000 22000 23000 24000 25000
50 2274 3438 4584 5695 6770 7809 8820 9803 10762 11697 12628 13525 14414 15303 16169 17030 17882 18720 19556 20382 21202 22016 22811 23626
75 2132 3209 4268 5300 6302 7278 8228 9157 10063 10955 11832 12700 13545 14386 15225 16044 16860 17659 18473 19262 20051 20847 21604 22380
100 2010 3013 3999 4962 5900 6817 7711 8589 9450 10295 11130 11954 12771 13570 14367 15158 15939 16714 17494 18252 19018 19769 20533 21268
125 1903 2843 3767 4669 5551 6414 7259 8090 8907 9711 10504 11291 12068 12841 13600 14357 15109 15855 16596 17333 18066 18795 19524 20237
150 1809 2695 3563 4414 5245 6059 6860 7646 8424 9192 9947 10697 11439 12177 12911 13633 14355 15067 15788 16494 17201 17906 18605 19303
175 1725 2563 3384 4188 4974 5746 6506 7254 7993 8723 9446 10162 10873 11578 12280 12979 13670 14360 15044 15731 16411 17084 17763 18441
200 1649 2446 3225 3987 4733 5467 6189 6901 7604 8303 8995 9679 10359 11036 11708 12379 13047 13708 14366 15028 15686 16343 16993 17644
225 1580 2341 3082 3807 4518 5216 5904 6584 7256 7923 8584 9243 9893 10541 11189 11831 12473 13114 13749 14382 15018 15646 16282 16911
250 1518 2245 2953 3645 4323 4990 5647 6297 6940 7577 8212 8842 9468 10091 10710 11332 11947 12565 13180 13791 14402 15013 15621 16232
275 1461 2158 2836 3498 4147 4785 5414 6037 6653 7264 7873 8477 9080 9678 10276 10868 11466 12058 12653 13245 13834 14424 15007 15602
300 1409 2078 2729 3364 3987 4598 5202 5798 6391 6978 7561 8143 8722 9301 9874 10448 11022 11594 12164 12738 13309 13879 14448 15015
325 1360 2005 2631 3242 3840 4428 5008 5581 6150 6715 7276 7836 8393 8950 9504 10058 10610 11164 11715 12266 12820 13372 13928 14475
350 1316 1938 2541 3129 3705 4271 4829 5381 5929 6473 7014 7551 8090 8626 9163 9696 10230 10762 11298 11831 12363 12900 13435 13972
375 1274 1875 2458 3025 3581 4126 4664 5197 5724 6249 6771 7290 7809 8327 8844 9363 9876 10392 10907 11426 11942 12457 12977 13496
400 1235 1817 2380 2929 3465 3992 4512 5026 5535 6042 6546 7048 7548 8049 8549 9049 9547 10047 10546 11044 11547 12048 12548 13053
425 1198 1762 2308 2839 3358 3868 4370 4867 5360 5850 6337 6822 7306 7791 8274 8758 9242 9724 10208 10692 11175 11664 12150 12635
450 1164 1711 2241 2755 3258 3752 4239 4720 5197 5670 6142 6612 7081 7548 8018 8486 8954 9425 9892 10361 10831 11299 11775 12248
475 1132 1664 2178 2677 3165 3644 4116 4582 5044 5503 5960 6416 6870 7323 7776 8232 8686 9141 9595 10051 10507 10964 11423 11883
500 1102 1619 2118 2604 3078 3543 4001 4453 4902 5347 5790 6232 6673 7113 7552 7993 8434 8875 9318 9759 10202 10646 11090 11539
