# 2000 3000 4000 5000 6000 7000 8000 9000 10000 11000 12000 13000 14000 15000 16000 17000 18000 19000 20000 21000 22000 23000 24000 25000
50 1670 2463 3225 3961 4676 5374 6060 6735 7403 8061 8723 9367 10012 10661 11300 11939 12576 13207 13840 14469 15097 15723 16339 16972
75 1572 2309 3016 3699 4364 5016 5657 6290 6916 7538 8157 8774 9381 9991 10604 11208 11813 12409 13021 13617 14216 14825 15406 16005
100 1486 2176 2837 3476 4097 4707 5307 5902 6492 7077 7661 8243 8825 9400 9977 10555 11130 11704 12286 12854 13433 14002 14585 15148
125 1411 2061 2682 3282 3865 4438 5003 5563 6120 6672 7223 7774 8324 8876 9421 9970 10519 11068 11616 12166 12714 13263 13816 14358
150 1345 1960 2547 3113 3663 4202 4736 5264 5790 6315 6836 7358 7879 8401 8925 9445 9969 10489 11019 11541 12067 12594 13120 13648
175 1285 1870 2427 2963 3484 3994 4499 4999 5497 5994 6489 6985 7481 7977 8475 8975 9472 9972 10472 10976 11479 11979 12487 12996
200 1231 1789 2319 2829 3324 3809 4289 4763 5235 5708 6179 6650 7122 7595 8068 8545 9023 9500 9976 10460 10943 11429 11911 12398
225 1183 1717 2223 2709 3181 3644 4099 4552 5001 5450 5899 6350 6798 7248 7702 8155 8613 9071 9529 9988 10452 10914 11383 11850
250 1138 1650 2136 2601 3052 3494 3929 4361 4790 5217 5646 6075 6505 6936 7367 7803 8238 8678 9119 9560 10003 10449 10896 11346
275 1097 1590 2056 2503 2936 3358 3775 4187 4598 5007 5416 5826 6238 6650 7064 7477 7898 8317 8740 9165 9591 10019 10445 10882
300 1059 1534 1983 2413 2829 3235 3634 4029 4423 4815 5206 5599 5993 6390 6785 7184 7585 7988 8392 8801 9212 9623 10037 10450
325 1024 1483 1917 2331 2731 3122 3506 3885 4263 4639 5015 5392 5769 6149 6529 6912 7297 7685 8074 8464 8860 9257 9659 10056
350 992 1436 1855 2255 2641 3018 3388 3753 4116 4477 4839 5200 5563 5928 6295 6662 7032 7403 7779 8156 8534 8917 9302 9691
375 962 1392 1797 2185 2558 2922 3279 3631 3980 4329 4676 5024 5374 5724 6077 6432 6787 7145 7504 7869 8234 8601 8973 9346
400 933 1350 1744 2119 2481 2833 3178 3518 3855 4191 4526 4862 5197 5536 5875 6217 6559 6905 7252 7601 7955 8310 8666 9027
425 907 1312 1694 2058 2409 2750 3084 3413 3739 4063 4387 4711 5035 5361 5688 6017 6349 6681 7017 7354 7692 8037 8382 8728
450 882 1276 1647 2001 2342 2673 2996 3315 3631 3944 4258 4570 4884 5198 5514 5832 6152 6475 6797 7123 7451 7780 8116 8452
475 858 1242 1604 1948 2279 2601 2915 3224 3530 3834 4137 4440 4743 5046 5351 5659 5968 6280 6592 6907 7225 7544 7868 8192
500 836 1210 1562 1898 2220 2533 2838 3139 3436 3730 4024 4317 4611 4905 5200 5498 5797 6098 6401 6705 7013 7322 7633 7949
