# 2000 3000 4000 5000 6000 7000 8000 9000 10000 11000 12000 13000 14000 15000 16000 17000 18000 19000 20000 21000 22000 23000 24000 25000
50 870 916 976 1049 1134 1228 1333 1443 1559 1675 1812 1929 2057 2203 2338 2482 2627 2767 2917 3065 3215 3366 3500 3671
75 870 915 972 1041 1119 1209 1307 1413 1521 1637 1757 1886 2003 2133 2276 2405 2544 2669 2829 2963 3106 3270 3384 3534
100 870 914 969 1034 1109 1194 1285 1385 1490 1598 1713 1832 1959 2076 2205 2338 2468 2601 2751 2879 3027 3160 3321 3446
125 870 914 966 1029 1100 1180 1268 1362 1463 1567 1673 1789 1907 2032 2148 2275 2404 2534 2666 2800 2936 3072 3216 3341
150 870 913 964 1025 1093 1168 1253 1341 1439 1542 1644 1753 1865 1982 2105 2220 2345 2463 2603 2727 2860 2995 3128 3264
175 870 913 963 1021 1087 1159 1240 1326 1418 1515 1616 1720 1829 1939 2056 2177 2292 2414 2535 2665 2792 2913 3049 3188
200 870 912 961 1018 1081 1152 1229 1312 1398 1493 1592 1692 1795 1904 2013 2129 2249 2363 2477 2605 2731 2862 2983 3113
225 870 912 960 1015 1077 1145 1218 1299 1384 1474 1569 1670 1767 1869 1979 2087 2202 2320 2434 2549 2674 2789 2922 3047
250 870 912 959 1013 1073 1139 1210 1288 1370 1455 1548 1644 1741 1842 1942 2054 2160 2275 2392 2505 2620 2742 2860 2986
275 870 911 958 1011 1069 1133 1203 1278 1358 1441 1531 1623 1720 1816 1916 2015 2127 2233 2348 2463 2575 2690 2797 2929
300 870 911 957 1009 1067 1129 1196 1268 1347 1428 1512 1604 1697 1796 1890 1990 2095 2201 2305 2420 2534 2645 2760 2870
325 870 911 956 1007 1064 1124 1191 1261 1337 1417 1499 1587 1677 1772 1866 1964 2063 2169 2274 2377 2492 2604 2726 2829
350 870 910 956 1006 1061 1121 1185 1254 1328 1406 1486 1569 1660 1751 1847 1940 2038 2136 2242 2347 2449 2563 2675 2793
375 870 910 955 1004 1059 1117 1181 1248 1318 1396 1475 1556 1643 1732 1824 1922 2014 2111 2208 2315 2419 2521 2635 2745
400 870 910 954 1003 1057 1114 1176 1242 1312 1387 1464 1544 1626 1715 1805 1898 1991 2087 2184 2280 2388 2491 2593 2706
425 870 910 954 1002 1055 1111 1172 1237 1305 1378 1454 1533 1614 1700 1787 1878 1972 2063 2160 2256 2351 2460 2563 2664
450 870 910 953 1001 1053 1110 1169 1232 1299 1369 1445 1522 1602 1683 1771 1859 1951 2047 2136 2232 2329 2422 2533 2635
475 870 910 953 1000 1051 1107 1165 1228 1294 1362 1436 1512 1590 1671 1751 1843 1931 2024 2114 2209 2305 2400 2503 2604
500 870 909 952 999 1050 1105 1162 1224 1289 1356 1429 1503 1580 1659 1739 1827 1914 2004 2097 2187 2281 2377 2472 2575
