# 2000 3000 4000 5000 6000 7000 8000 9000 10000 11000 12000 13000 14000 15000 16000 17000 18000 19000 20000 21000 22000 23000 24000 25000
50 1717 2539 3331 4096 4839 5564 6276 6975 7666 8346 9030 9694 10358 11027 11684 12342 12995 13643 14292 14938 15581 16223 16853 17501
75 1615 2379 3113 3824 4515 5192 5857 6514 7163 7806 8445 9083 9709 10337 10969 11589 12211 12824 13452 14064 14679 15302 15898 16511
100 1527 2241 2927 3591 4237 4871 5494 6112 6723 7329 7933 8534 9135 9728 10323 10918 11509 12100 12697 13281 13875 14459 15056 15633
125 1449 2122 2766 3389 3996 4592 5179 5760 6337 6910 7479 8050 8618 9187 9750 10316 10881 11445 12010 12574 13138 13701 14268 14824
150 1381 2017 2626 3214 3786 4347 4901 5449 5996 6540 7079 7619 8158 8698 9239 9775 10314 10849 11395 11932 12472 13014 13554 14096
175 1319 1924 2501 3058 3599 4131 4655 5175 5692 6207 6720 7233 7747 8259 8773 9289 9802 10318 10832 11351 11868 12383 12904 13427
200 1264 1840 2390 2919 3434 3938 4436 4930 5420 5910 6399 6887 7375 7865 8354 8846 9340 9831 10322 10820 11317 11817 12313 12813
225 1213 1765 2290 2795 3285 3766 4239 4710 5177 5643 6109 6576 7040 7506 7976 8444 8916 9389 9861 10334 10812 11287 11770 12250
250 1167 1696 2199 2682 3151 3610 4063 4511 4957 5401 5846 6291 6736 7183 7629 8080 8529 8983 9438 9893 10349 10809 11268 11732
275 1125 1634 2117 2580 3030 3469 3902 4331 4758 5183 5608 6033 6460 6887 7315 7743 8178 8610 9048 9486 9925 10366 10804 11254
300 1086 1577 2041 2487 2919 3341 3756 4167 4576 4983 5389 5798 6206 6617 7027 7439 7855 8271 8688 9111 9534 9958 10384 10810
325 1050 1524 1972 2401 2817 3223 3622 4017 4410 4800 5191 5582 5974 6368 6762 7158 7556 7957 8360 8763 9171 9581 9995 10404
350 1017 1475 1908 2323 2724 3115 3499 3879 4257 4633 5008 5383 5761 6139 6519 6899 7282 7666 8055 8444 8835 9230 9627 10028
375 986 1429 1848 2250 2637 3015 3386 3752 4115 4478 4839 5201 5564 5927 6293 6661 7028 7399 7771 8148 8525 8904 9288 9672
400 957 1387 1793 2182 2557 2923 3281 3635 3985 4335 4683 5032 5380 5732 6084 6438 6793 7151 7510 7871 8237 8603 8971 9344
425 929 1347 1742 2119 2483 2837 3184 3526 3865 4202 4539 4875 5212 5550 5890 6231 6575 6919 7267 7616 7965 8322 8678 9035
450 904 1310 1693 2060 2413 2757 3093 3424 3752 4078 4404 4729 5055 5381 5710 6039 6371 6705 7039 7377 7716 8056 8404 8750
475 880 1275 1648 2004 2348 2682 3008 3329 3648 3963 4279 4593 4908 5224 5540 5860 6181 6503 6827 7153 7482 7812 8146 8482
500 857 1242 1605 1952 2287 2611 2928 3241 3549 3856 4161 4466 4771 5077 5383 5693 6003 6315 6629 6944 7262 7582 7904 8230
