# 2000 3000 4000 5000 6000 7000 8000 9000 10000 11000 12000 13000 14000 15000 16000 17000 18000 19000 20000 21000 22000 23000 24000 25000
50 1764 2614 3436 4230 5001 5753 6491 7215 7929 8630 9335 10020 10704 11391 12067 12742 13413 14077 14742 15404 16063 16719 17364 18026
75 1659 2448 3210 3948 4665 5368 6057 6738 7408 8073 8732 9390 10035 10682 11331 11969 12608 13237 13881 14508 15138 15777 16387 17014
100 1567 2306 3017 3706 4377 5035 5681 6321 6954 7580 8204 8824 9444 10054 10667 11279 11887 12493 13107 13706 14314 14913 15525 16116
125 1487 2182 2850 3497 4127 4745 5354 5957 6555 7147 7736 8325 8911 9498 10077 10660 11241 11821 12401 12980 13559 14136 14717 15287
150 1417 2074 2704 3314 3908 4491 5066 5635 6201 6764 7322 7880 8436 8993 9551 10103 10658 11209 11769 12321 12876 13432 13986 14541
175 1353 1977 2575 3153 3715 4267 4811 5350 5886 6420 6951 7481 8012 8541 9071 9603 10131 10662 11191 11724 12256 12784 13319 13855
200 1296 1891 2460 3009 3543 4067 4584 5096 5604 6112 6619 7123 7628 8134 8639 9146 9655 10161 10666 11178 11689 12203 12712 13225
225 1244 1813 2356 2880 3389 3888 4379 4868 5352 5836 6318 6801 7282 7763 8248 8731 9218 9706 10192 10679 11170 11658 12155 12647
250 1197 1742 2262 2763 3250 3726 4196 4662 5124 5585 6046 6507 6967 7429 7890 8355 8819 9287 9756 10224 10694 11167 11639 12116
275 1153 1678 2177 2657 3123 3580 4029 4475 4917 5358 5799 6240 6682 7123 7566 8008 8457 8903 9354 9806 10257 10711 11162 11624
300 1113 1619 2099 2561 3009 3446 3878 4304 4729 5151 5573 5996 6419 6844 7268 7694 8123 8553 8983 9419 9855 10291 10730 11168
325 1076 1564 2027 2472 2903 3324 3739 4149 4556 4962 5367 5772 6178 6586 6994 7404 7815 8229 8644 9060 9481 9903 10329 10750
350 1042 1513 1961 2390 2806 3212 3611 4006 4398 4788 5177 5566 5957 6349 6742 7136 7532 7929 8330 8732 9134 9542 9951 10363
375 1010 1466 1900 2315 2717 3108 3494 3874 4251 4627 5002 5377 5753 6130 6508 6890 7269 7653 8037 8426 8815 9206 9601 9998
400 980 1423 1842 2245 2633 3012 3385 3752 4116 4479 4840 5202 5563 5927 6292 6659 7026 7396 7767 8140 8518 8895 9274 9659
425 952 1382 1789 2179 2556 2923 3283 3639 3991 4341 4690 5039 5388 5740 6091 6445 6801 7157 7516 7876 8238 8605 8973 9341
450 926 1343 1739 2118 2484 2840 3189 3533 3874 4212 4550 4888 5226 5564 5904 6246 6589 6935 7281 7630 7980 8331 8690 9047
475 901 1307 1692 2061 2416 2762 3101 3435 3765 4093 4420 4747 5074 5401 5728 6060 6392 6726 7061 7399 7738 8079 8424 8771
500 877 1273 1648 2007 2353 2689 3018 3343 3663 3981 4298 4615 4931 5249 5566 5887 6208 6531 6857 7182 7511 7842 8174 8511
