# 2000 3000 4000 5000 6000 7000 8000 9000 10000 11000 12000 13000 14000 15000 16000 17000 18000 19000 20000 21000 22000 23000 24000 25000
50 1810 2690 3541 4364 5164 5942 6705 7453 8190 8914 9640 10344 11047 11754 12447 13140 13828 14508 15190 15867 16542 17213 17872 18549
75 1702 2518 3307 4072 4815 5543 6257 6961 7653 8339 9019 9696 10360 11025 11692 12347 13003 13648 14308 14951 15596 16249 16873 17514
100 1608 2371 3107 3821 4517 5199 5868 6530 7184 7831 8474 9114 9752 10380 11010 11639 12263 12885 13515 14129 14752 15365 15991 16596
125 1525 2243 2934 3604 4258 4899 5529 6153 6771 7384 7991 8599 9203 9807 10403 11002 11600 12195 12790 13385 13978 14570 15164 15748
150 1452 2131 2783 3415 4031 4635 5231 5820 6405 6987 7564 8140 8714 9287 9861 10430 11001 11566 12142 12708 13278 13848 14415 14984
175 1387 2031 2649 3247 3830 4402 4967 5525 6080 6632 7181 7728 8276 8821 9368 9915 10458 11004 11548 12096 12641 13183 13732 14282
200 1328 1942 2530 3098 3652 4195 4731 5262 5788 6314 6838 7359 7880 8402 8922 9445 9968 10489 11009 11535 12060 12587 13109 13636
225 1275 1861 2423 2965 3492 4009 4519 5025 5527 6028 6527 7026 7523 8020 8519 9018 9519 10021 10521 11022 11527 12028 12538 13043
250 1226 1788 2326 2844 3348 3842 4329 4812 5291 5768 6245 6722 7198 7674 8150 8630 9108 9590 10073 10554 11037 11524 12009 12498
275 1182 1722 2237 2734 3217 3690 4156 4618 5077 5533 5990 6446 6903 7358 7816 8272 8735 9195 9659 10124 10589 11055 11519 11993
300 1140 1661 2157 2634 3098 3552 3999 4441 4881 5319 5755 6193 6631 7071 7508 7948 8391 8834 9277 9726 10174 10623 11074 11525
325 1102 1604 2082 2542 2989 3425 3855 4280 4702 5123 5542 5962 6382 6804 7225 7648 8073 8500 8928 9357 9790 10224 10663 11095
350 1067 1552 2014 2458 2889 3309 3723 4132 4538 4942 5346 5748 6153 6558 6965 7372 7781 8190 8604 9018 9433 9853 10273 10697
375 1034 1504 1951 2380 2796 3202 3601 3995 4386 4776 5165 5553 5942 6332 6724 7117 7510 7905 8302 8703 9104 9506 9914 10321
400 1003 1459 1892 2307 2710 3102 3488 3869 4246 4622 4997 5371 5746 6123 6500 6879 7258 7640 8024 8408 8797 9187 9577 9973
425 974 1416 1837 2239 2629 3010 3383 3751 4116 4479 4841 5203 5565 5928 6292 6658 7026 7393 7764 8136 8509 8888 9266 9646
450 947 1377 1785 2176 2555 2924 3285 3642 3995 4346 4697 5046 5396 5746 6099 6452 6807 7165 7521 7882 8243 8605 8975 9343
475 922 1340 1737 2117 2485 2843 3194 3540 3882 4222 4561 4900 5239 5578 5917 6260 6603 6949 7295 7643 7994 8346 8701 9058
500 898 1305 1691 2061 2419 2768 3108 3444 3777 4106 4435 4763 5091 5420 5749 6080 6413 6747 7083 7420 7759 8101 8444 8791
