# 2000 3000 4000 5000 6000 7000 8000 9000 10000 11000 12000 13000 14000 15000 16000 17000 18000 19000 20000 21000 22000 23000 24000 25000
50 930 1019 1134 1274 1438 1622 1825 2040 2268 2499 2758 2999 3255 3533 3802 4082 4366 4646 4939 5232 5527 5825 6105 6427
75 931 1017 1125 1257 1410 1584 1773 1978 2191 2417 2652 2900 3138 3394 3666 3925 4197 4456 4755 5027 5311 5618 5871 6165
100 931 1015 1119 1244 1388 1552 1729 1923 2127 2340 2565 2797 3041 3277 3528 3787 4045 4308 4592 4852 5136 5406 5708 5970
125 931 1014 1114 1233 1371 1525 1695 1878 2073 2276 2487 2711 2940 3181 3414 3662 3913 4169 4428 4692 4958 5227 5506 5765
150 931 1013 1110 1225 1356 1502 1665 1837 2025 2223 2424 2637 2855 3083 3320 3551 3794 4032 4296 4545 4804 5069 5332 5599
175 931 1012 1106 1217 1343 1484 1639 1805 1983 2171 2367 2571 2783 2999 3225 3458 3687 3927 4166 4418 4667 4911 5174 5441
200 931 1011 1103 1211 1332 1468 1616 1776 1945 2128 2318 2513 2715 2927 3141 3366 3596 3823 4051 4297 4542 4794 5038 5292
225 931 1010 1101 1206 1323 1454 1596 1751 1915 2090 2272 2466 2658 2859 3071 3283 3506 3733 3958 4186 4427 4659 4912 5157
250 931 1009 1099 1201 1315 1442 1579 1729 1888 2053 2232 2417 2606 2802 3001 3213 3423 3645 3870 4093 4320 4557 4790 5034
275 931 1009 1097 1197 1308 1431 1565 1709 1863 2025 2196 2374 2561 2750 2945 3141 3355 3563 3784 4006 4227 4453 4672 4919
300 931 1008 1095 1193 1303 1422 1552 1690 1841 1998 2162 2337 2517 2706 2892 3087 3291 3496 3702 3922 4142 4362 4586 4807
325 931 1008 1094 1190 1297 1413 1540 1675 1821 1974 2134 2303 2478 2659 2844 3035 3228 3432 3636 3841 4059 4277 4506 4718
350 931 1007 1092 1187 1292 1406 1530 1662 1804 1953 2109 2270 2442 2618 2802 2985 3176 3369 3572 3776 3979 4196 4412 4638
375 931 1007 1091 1184 1287 1399 1520 1649 1786 1933 2085 2243 2410 2581 2759 2945 3126 3316 3508 3712 3914 4116 4332 4547
400 931 1006 1090 1182 1283 1393 1511 1638 1772 1915 2063 2218 2377 2548 2721 2900 3080 3267 3456 3646 3851 4053 4254 4468
425 931 1006 1089 1180 1280 1387 1503 1627 1759 1898 2044 2195 2352 2517 2686 2860 3041 3220 3406 3596 3784 3990 4190 4390
450 931 1006 1088 1178 1276 1383 1496 1618 1746 1881 2025 2174 2328 2485 2653 2823 2999 3182 3359 3546 3734 3921 4128 4327
475 931 1005 1087 1176 1273 1378 1490 1609 1735 1868 2008 2154 2305 2460 2618 2790 2961 3138 3315 3498 3684 3872 4069 4265
500 931 1005 1086 1174 1270 1374 1483 1601 1725 1855 1993 2136 2284 2436 2593 2759 2927 3099 3278 3454 3637 3822 4009 4207
