# 2000 3000 4000 5000 6000 7000 8000 9000 10000 11000 12000 13000 14000 15000 16000 17000 18000 19000 20000 21000 22000 23000 24000 25000
50 1857 2765 3646 4499 5326 6131 6919 7691 8451 9196 9943 10668 11390 12115 12827 13537 14241 14938 15636 16329 17018 17704 18377 19068
75 1745 2587 3404 4196 4965 5718 6456 7183 7897 8604 9304 10001 10683 11367 12052 12724 13396 14057 14733 15391 16051 16719 17357 18012
100 1648 2435 3197 3936 4656 5362 6054 6738 7413 8080 8744 9402 10058 10704 11351 11997 12637 13275 13920 14549 15187 15815 16455 17074
125 1563 2303 3018 3712 4388 5051 5704 6349 6987 7619 8246 8872 9494 10115 10728 11343 11957 12568 13178 13787 14395 15001 15610 16207
150 1488 2187 2861 3516 4153 4778 5395 6004 6609 7210 7805 8399 8990 9581 10171 10755 11342 11923 12513 13094 13678 14262 14843 15425
175 1421 2084 2723 3342 3945 4538 5122 5700 6273 6843 7410 7975 8539 9101 9663 10227 10785 11345 11904 12466 13025 13581 14143 14706
200 1360 1992 2600 3188 3761 4323 4878 5427 5972 6515 7056 7594 8131 8669 9205 9743 10281 10816 11350 11891 12429 12970 13505 14045
225 1306 1910 2489 3049 3595 4131 4659 5183 5702 6219 6735 7251 7763 8275 8790 9303 9819 10335 10849 11364 11882 12397 12919 13437
250 1255 1834 2389 2924 3446 3958 4462 4962 5457 5950 6444 6936 7427 7919 8409 8904 9396 9892 10389 10883 11380 11879 12377 12878
275 1210 1766 2298 2811 3311 3800 4283 4761 5236 5708 6180 6651 7123 7593 8065 8535 9012 9485 9963 10441 10919 11398 11874 12361
300 1167 1703 2214 2708 3188 3657 4120 4578 5033 5486 5938 6390 6842 7296 7748 8201 8657 9114 9570 10031 10493 10954 11418 11880
325 1128 1644 2138 2613 3075 3526 3971 4411 4848 5283 5717 6151 6586 7021 7456 7892 8330 8770 9211 9652 10098 10544 10995 11439
350 1092 1591 2067 2525 2971 3406 3834 4258 4678 5097 5514 5931 6349 6768 7188 7607 8029 8451 8877 9304 9730 10162 10594 11030
375 1058 1541 2001 2445 2875 3295 3708 4116 4521 4925 5327 5728 6131 6534 6938 7345 7749 8157 8566 8979 9392 9806 10225 10644
400 1027 1495 1941 2370 2786 3192 3591 3985 4376 4765 5153 5541 5928 6317 6707 7098 7490 7884 8279 8675 9076 9477 9879 10286
425 997 1451 1884 2300 2703 3096 3482 3864 4241 4617 4992 5366 5741 6116 6492 6870 7250 7629 8012 8395 8779 9170 9559 9949
450 969 1411 1831 2234 2626 3007 3381 3750 4116 4479 4842 5204 5566 5928 6293 6658 7024 7393 7761 8133 8505 8878 9259 9638
475 943 1372 1781 2173 2553 2924 3287 3645 3999 4351 4703 5053 5403 5754 6104 6459 6814 7170 7528 7887 8248 8611 8977 9345
500 918 1336 1734 2116 2485 2846 3198 3546 3890 4231 4572 4911 5251 5591 5931 6274 6617 6962 7309 7657 8007 8359 8712 9069
