# 2000 3000 4000 5000 6000 7000 8000 9000 10000 11000 12000 13000 14000 15000 16000 17000 18000 19000 20000 21000 22000 23000 24000 25000
50 1904 2840 3751 4632 5488 6319 7132 7928 8711 9478 10246 10990 11731 12475 13204 13931 14653 15366 16080 16788 17492 18193 18880 19585
75 1788 2657 3501 4319 5115 5893 6655 7404 8140 8869 9589 10305 11006 11707 12410 13099 13787 14464 15156 15829 16503 17187 17838 18507
100 1689 2500 3287 4051 4796 5525 6240 6946 7642 8329 9012 9689 10364 11027 11692 12354 13010 13664 14324 14968 15621 16262 16917 17549
125 1601 2364 3102 3819 4518 5204 5878 6544 7203 7854 8499 9144 9783 10422 11052 11683 12312 12939 13564 14188 14810 15430 16052 16663
150 1524 2244 2940 3616 4275 4922 5560 6188 6813 7433 8046 8657 9266 9873 10480 11080 11682 12277 12883 13478 14076 14673 15268 15864
175 1455 2138 2797 3437 4060 4673 5277 5874 6466 7054 7639 8221 8801 9379 9958 10537 11110 11685 12258 12834 13408 13977 14552 15128
200 1393 2043 2669 3277 3869 4451 5025 5592 6155 6715 7273 7828 8381 8935 9486 10040 10593 11142 11690 12245 12797 13351 13899 14451
225 1336 1958 2555 3134 3698 4252 4798 5339 5876 6410 6942 7474 8002 8530 9060 9587 10118 10648 11176 11704 12236 12763 13299 13830
250 1285 1880 2452 3005 3544 4073 4594 5111 5624 6133 6642 7150 7657 8163 8668 9177 9683 10193 10703 11211 11720 12232 12743 13257
275 1238 1809 2358 2888 3404 3911 4410 4904 5394 5882 6370 6856 7343 7827 8313 8798 9288 9775 10266 10757 11247 11739 12227 12727
300 1194 1745 2272 2781 3277 3763 4241 4714 5185 5653 6119 6587 7053 7521 7987 8454 8923 9393 9862 10336 10810 11284 11759 12234
325 1154 1685 2193 2683 3160 3627 4087 4542 4994 5444 5892 6340 6788 7237 7686 8136 8586 9039 9493 9946 10404 10863 11325 11781
350 1117 1629 2120 2593 3053 3502 3945 4383 4818 5251 5682 6112 6544 6976 7409 7842 8276 8711 9149 9588 10027 10471 10914 11362
375 1082 1578 2052 2509 2953 3388 3815 4237 4655 5073 5488 5903 6319 6735 7152 7571 7988 8409 8829 9254 9679 10104 10535 10965
400 1050 1530 1990 2432 2861 3281 3694 4102 4506 4908 5309 5709 6109 6512 6914 7317 7721 8127 8534 8941 9354 9767 10179 10597
425 1019 1486 1931 2360 2776 3182 3582 3976 4366 4755 5143 5529 5916 6304 6692 7082 7474 7865 8258 8653 9048 9450 9851 10252
450 991 1444 1877 2293 2696 3090 3477 3859 4237 4612 4988 5362 5736 6110 6486 6863 7241 7622 8001 8383 8767 9151 9542 9932
475 964 1405 1825 2230 2622 3004 3379 3750 4116 4480 4843 5205 5568 5930 6292 6658 7024 7392 7760 8130 8502 8876 9253 9630
500 939 1368 1777 2170 2552 2923 3288 3647 4003 4356 4708 5059 5410 5761 6112 6467 6821 7177 7535 7893 8254 8616 8979 9347
