# 2000 3000 4000 5000 6000 7000 8000 9000 10000 11000 12000 13000 14000 15000 16000 17000 18000 19000 20000 21000 22000 23000 24000 25000
50 1950 2915 3856 4766 5649 6507 7345 8165 8970 9758 10547 11310 12071 12833 13580 14324 15063 15792 16521 17244 17963 18679 19379 20099
75 1831 2726 3597 4442 5264 6067 6853 7625 8383 9132 9872 10608 11327 12047 12767 13472 14177 14869 15577 16265 16954 17652 18316 18999
100 1729 2564 3376 4165 4935 5687 6425 7153 7870 8577 9280 9975 10668 11349 12030 12709 13381 14051 14726 15385 16052 16708 17376 18022
125 1639 2424 3185 3925 4648 5356 6052 6739 7418 8088 8752 9415 10072 10728 11374 12022 12667 13309 13949 14587 15223 15857 16493 17117
150 1560 2301 3018 3716 4397 5065 5723 6372 7016 7655 8286 8915 9540 10164 10787 11403 12020 12631 13251 13861 14472 15084 15692 16300
175 1489 2191 2871 3531 4175 4808 5432 6047 6658 7265 7867 8466 9063 9657 10252 10846 11434 12024 12611 13201 13788 14371 14960 15549
200 1425 2094 2739 3366 3978 4579 5171 5757 6337 6915 7490 8061 8631 9200 9767 10335 10903 11467 12029 12597 13163 13730 14291 14857
225 1367 2006 2621 3218 3801 4373 4937 5496 6050 6601 7149 7697 8241 8784 9329 9871 10416 10960 11502 12043 12588 13129 13677 14220
250 1314 1926 2515 3085 3642 4188 4727 5260 5789 6315 6840 7364 7885 8406 8926 9449 9969 10493 11016 11538 12060 12585 13108 13634
275 1266 1853 2418 2964 3497 4020 4536 5046 5553 6056 6559 7060 7562 8061 8561 9059 9563 10063 10568 11072 11575 12079 12579 13091
300 1221 1786 2329 2854 3366 3868 4362 4851 5337 5820 6301 6783 7264 7746 8225 8706 9188 9671 10153 10640 11126 11612 12100 12586
325 1180 1725 2248 2753 3246 3728 4203 4672 5139 5604 6066 6529 6991 7453 7915 8378 8842 9308 9774 10239 10710 11180 11655 12122
350 1142 1668 2173 2660 3135 3599 4056 4509 4958 5404 5850 6293 6739 7184 7630 8076 8523 8970 9421 9871 10322 10778 11233 11692
375 1106 1615 2103 2574 3032 3480 3922 4358 4790 5221 5650 6078 6507 6936 7365 7797 8227 8659 9091 9529 9965 10402 10844 11285
400 1073 1566 2039 2494 2937 3370 3797 4218 4635 5051 5465 5878 6290 6705 7120 7536 7952 8369 8788 9207 9631 10055 10479 10908
425 1042 1521 1978 2420 2849 3268 3681 4088 4491 4893 5293 5692 6091 6491 6892 7293 7697 8099 8504 8911 9317 9730 10141 10553
450 1013 1478 1922 2351 2767 3174 3573 3967 4358 4745 5133 5519 5905 6291 6679 7067 7457 7849 8239 8633 9028 9422 9824 10224
475 985 1437 1869 2286 2690 3085 3472 3854 4233 4609 4984 5358 5731 6105 6479 6856 7233 7612 7991 8373 8755 9139 9527 9915
500 959 1399 1820 2225 2618 3001 3377 3748 4116 4481 4844 5207 5569 5931 6294 6659 7024 7391 7760 8128 8500 8872 9246 9624
