# 2000 3000 4000 5000 6000 7000 8000 9000 10000 11000 12000 13000 14000 15000 16000 17000 18000 19000 20000 21000 22000 23000 24000 25000
50 1996 2990 3960 4899 5810 6694 7557 8401 9228 10038 10847 11630 12409 13190 13954 14716 15470 16215 16960 17699 18432 19162 19877 20610
75 1874 2795 3693 4566 5413 6241 7051 7846 8625 9395 10155 10910 11647 12384 13122 13844 14565 15273 15996 16699 17402 18115 18793 19489
100 1769 2629 3465 4280 5073 5850 6610 7360 8097 8825 9546 10261 10972 11669 12368 13063 13751 14436 15127 15800 16481 17151 17833 18492
125 1677 2484 3269 4032 4778 5508 6226 6933 7632 8322 9005 9685 10360 11033 11695 12359 13019 13677 14331 14984 15634 16282 16932 17569
150 1595 2357 3096 3816 4519 5207 5887 6555 7218 7876 8525 9172 9814 10454 11094 11725 12357 12983 13618 14241 14867 15492 16113 16735
175 1522 2245 2944 3625 4290 4942 5586 6221 6850 7474 8094 8710 9324 9934 10544 11153 11757 12361 12963 13567 14168 14763 15365 15967
200 1457 2144 2809 3455 4086 4706 5317 5922 6519 7115 7707 8294 8880 9465 10047 10630 11213 11791 12366 12948 13527 14108 14682 15260
225 1397 2054 2687 3303 3904 4494 5076 5652 6223 6791 7356 7920 8479 9037 9597 10154 10712 11271 11826 12381 12939 13492 14053 14609
250 1343 1972 2577 3166 3740 4303 4859 5409 5955 6496 7037 7576 8113 8649 9183 9721 10255 10792 11329 11863 12398 12935 13471 14009
275 1294 1897 2478 3041 3591 4130 4662 5189 5711 6230 6748 7264 7780 8294 8808 9320 9838 10351 10868 11385 11901 12417 12930 13454
300 1248 1828 2386 2927 3455 3972 4482 4987 5488 5986 6482 6979 7474 7970 8462 8957 9453 9948 10443 10943 11441 11939 12439 12937
325 1206 1765 2303 2823 3331 3828 4318 4803 5285 5763 6240 6717 7192 7669 8144 8620 9096 9575 10054 10532 11014 11497 11983 12462
350 1167 1707 2225 2727 3216 3695 4167 4634 5097 5558 6017 6474 6933 7392 7851 8309 8769 9228 9691 10154 10616 11084 11551 12022
375 1130 1653 2154 2639 3111 3573 4028 4478 4924 5368 5811 6252 6694 7136 7578 8022 8464 8909 9353 9802 10250 10698 11152 11605
400 1096 1602 2088 2557 3013 3460 3899 4334 4764 5193 5620 6046 6471 6899 7325 7754 8181 8611 9041 9472 9908 10342 10777 11217
425 1064 1555 2026 2480 2922 3354 3780 4200 4616 5030 5443 5855 6266 6678 7091 7504 7919 8333 8750 9167 9585 10009 10431 10854
450 1034 1511 1968 2409 2837 3257 3668 4075 4478 4878 5278 5676 6074 6472 6872 7271 7673 8076 8477 8882 9287 9693 10106 10516
475 1006 1470 1914 2342 2758 3165 3564 3959 4349 4737 5124 5510 5895 6280 6665 7054 7442 7832 8222 8614 9008 9402 9800 10199
500 980 1431 1863 2279 2684 3079 3467 3850 4229 4605 4980 5354 5728 6101 6475 6851 7227 7605 7984 8363 8745 9128 9512 9900
